,Year,Population,Date
0,1971.0,6137305,1971-07-15
1,1972.0,6174216,1972-07-15
2,1973.0,6213149,1973-07-15
3,1974.0,6268571,1974-07-15
4,1975.0,6330303,1975-07-15
5,1976.0,6396761,1976-07-15
6,1977.0,6433133,1977-07-15
7,1978.0,6440459,1978-07-15
8,1979.0,6465996,1979-07-15
9,1980.0,6505997,1980-07-15
10,1981.0,6547207,1981-07-15
11,1982.0,6580631,1982-07-15
12,1983.0,6602976,1983-07-15
13,1984.0,6631220,1984-07-15
14,1985.0,6665802,1985-07-15
15,1986.0,6708170,1986-07-15
16,1987.0,6781984,1987-07-15
17,1988.0,6837077,1988-07-15
18,1989.0,6925128,1989-07-15
19,1990.0,6996986,1990-07-15
20,1991.0,7067396,1991-07-15
21,1992.0,7110010,1992-07-15
22,1993.0,7156537,1993-07-15
23,1994.0,7192403,1994-07-15
24,1995.0,7219219,1995-07-15
25,1996.0,7246897,1996-07-15
26,1997.0,7274611,1997-07-15
27,1998.0,7295935,1998-07-15
28,1999.0,7323250,1999-07-15
29,2000.0,7356951,2000-07-15
30,2001.0,7396456,2001-07-15
31,2002.0,7441656,2002-07-15
32,2003.0,7485753,2003-07-15
33,2004.0,7535590,2004-07-15
34,2005.0,7581476,2005-07-15
35,2006.0,7631966,2006-07-15
36,2007.0,7692916,2007-07-15
37,2008.0,7761725,2008-07-15
38,2009.0,7843383,2009-07-15
39,2010.0,7929222,2010-07-15
40,2011.0,8005090,2011-07-15
41,2012.0,8061101,2012-07-15
42,2013.0,8110880,2013-07-15
43,2014.0,8150183,2014-07-15
44,2015.0,8175272,2015-07-15
45,2016.0,8225950,2016-07-15
46,2017.0,8302063,2017-07-15
47,2018.0,8401738,2018-07-15
48,2019.0,8503483,2019-07-15
49,2020.0,8576595,2020-07-15
50,2021.0,8602335,2021-07-15
51,2022.0,8695659,2022-07-15
